931407977527775232
931405757021311036
931407118668558387
913373127369703425
912446156510994462
928757750811471894
912437587505979423
931406484661751809
912446685207199814
931401552973930506
928950964541587506
913233827156095027
913224920052432917
913298976692916296
931408638378123314
931408963243757609
780579656993734656
931401276988727346
931408548922032169
913230980167397397
931407507673481246
931407344695402496
931409016066822185
931402520553738301
931402597552783360
904182508969664554
803284159920472134
931405410215268423
913189427151511662
931407977980764221
928862420166930462
375903139783770113
931401559831633930
931409034278486060
931401230834614392
931404554715693066
931406863948455946
931407633460629525
913120039647998014
931406372837404714
928776870000984085
923414606850965505
923417651190071348
923419353574150184
931403670598320139
931405641032007701
931408326892347463
931402537087676436
707887407730524173
923410824498921512
931405052730564619
923456511651495946
931406334866382888
923048331968667669
931405121475207198
913205448507809872
917610109583110186
931403170251436102
913165839333724170
931402490015006750
931403549512970240
621761095576846344
913283092138041414
143931112794619914
450991970366521365
931406084139274282
931406930717589564
912392590815526992
913370878329389066
931405906221096970
931406582460350486
913293725520781312
913233437375230022
931402700183203871
913294639820308520
931403784951824384
931402555651686412
931405603438489680
931403522170290196
490603956037484569
931402561741807666
931406998208139355
928933815244705822
913209224123801630
931407766738837535
931405397057753088
928883554354593864
931404580942655528
931405065678356491
913121347658461234
266769010878709761
931402814863855626
931401329425936414
913349564679979079
928951233480388608
792339344500719616
931407840441172018
931403192061816855
913410899358920774
928878211364962425
931407501197451286
798332735625494549
931405413377777665
931403558291636264
525670141539647488
931402124800172072
931405139229691945
923440990126223400
923455796191326208
931407850331308043
931403673999908884
931406606338523177
923551386845732894
913193574718373910
913286652988895273
913205458674806824
913181474906316821
913245705701843015
913319361480114216
931408298169733190
931406680309248040
931403535084568596
931407793351700510
931409248502558720
931406446657146881
912377442893721600
931401411743326268
316288059178090497
931402659993358356
931408740429758485
913214152267431946
912434699924828171
912458433477877790
931406823716700171
931402589692649502
913274236355887105
931404857615728650
931405098423291915
931407351674732564
931410213104386059
931401123150057532
931405100721774652
913257935210168350
913386468041457675
931407560408436797
931405367240450049
931406078640525352
928951437638127667
931401564843823114
931405544886009856
931404525493973052
931403524087103530
738243543520378962
516832690176000000
931402388672249947
928878316063186995
928878328813862942
931402424575483944
928943872468459532
931402595682115625
931406309406957568
928796807130148924
928819746793734165
913191214684176455
931408471046357033
375363786711891969
931401529947209740
750165703054852127
925936175775096853
931405185555779585
931407291515818035
931408494282825788
931407479995252736
931406519302492160
928839056291430430
931409393604501515
931409057359745045
931407498848636978
931409424348753940
931406157745098792
913405977406103593
928810574198996992
928951808217464862
928831616875397130
931402614489366568
913255655111016478
913266913621209098
727953995745853491
913276719606161418
923047851334991912
923416075738161203
931403373943595068
931407285496975460
913207839034593342
931402362042605579
928815008798888037
229686731144822804
912446103046225951
928838313039786045
931405144401248267
928852913026129940
913242345955291166
931408084960673803
928951885241675798
931405452238016602
928811629183909939
928819877039456276
931402420305661994
929008551987413022
931408078203662356
931409435446878239
931408956792901702
931406991061045348
928852974200057886
913302649728794694
913279606214254692
931406480618434632
912429922134396978
913342127755382794
913239344351936563
