675488790466265108
394768210479677450
344707294468112405
414197141007761423
847328781563330580
832815795389071370
386257917025976321
840045365306064907
788977893833048095
931405131826749490
931404353338757131
931407569120006146
928894849741115432
913368704761356308
925266735437856818
445978661007392770
913178794460844142
913200514009804801
913212142893817876
912428307579011133
842656105733423125
235083834142621696
453690789449695234
698094960515481690
786743747689971723
531323381153529856
263863024547397632
469441520332832779
863107838229610506
706429794312519681
903702131457011762
837342254939111455
368407096955240450
933521759498559578
699555915438751774
687982709259370497
305351642918944769
926969468263993444
678651519318491158
778727174680608808
901529641880281159
874477542030082139
927715406595125298
915566290083672064
739996835820601395
325716931032121344
929892518911430727
688239511133618295
123581054522097664
913955858457718864
191914162606178307
907646278236766260
930289672062664784
506522840204443649
406310985880567809
738230617069846578
908065527577083925
