675488790466265108
394768210479677450
931407977527775232
931405757021311036
931407118668558387
913373127369703425
912446156510994462
928757750811471894
912437587505979423
931406484661751809
912446685207199814
931401552973930506
928950964541587506
913233827156095027
913224920052432917
913298976692916296
931408638378123314
931408963243757609
344707294468112405
414197141007761423
780579656993734656
931401276988727346
931408548922032169
913230980167397397
847328781563330580
832815795389071370
386257917025976321
840045365306064907
931407507673481246
788977893833048095
931407344695402496
931409016066822185
931402520553738301
931402597552783360
904182508969664554
803284159920472134
931405410215268423
913189427151511662
931407977980764221
928862420166930462
931405131826749490
931404353338757131
931407569120006146
928894849741115432
913368704761356308
925266735437856818
445978661007392770
913178794460844142
913200514009804801
913212142893817876
912428307579011133
375903139783770113
931401559831633930
931409034278486060
931401230834614392
931404554715693066
931406863948455946
931407633460629525
913120039647998014
931406372837404714
928776870000984085
923414606850965505
923417651190071348
923419353574150184
842656105733423125
235083834142621696
453690789449695234
931403670598320139
931405641032007701
931408326892347463
931402537087676436
707887407730524173
923410824498921512
931405052730564619
923456511651495946
931406334866382888
698094960515481690
923048331968667669
931405121475207198
913205448507809872
917610109583110186
931403170251436102
913165839333724170
931402490015006750
931403549512970240
621761095576846344
913283092138041414
143931112794619914
450991970366521365
931406084139274282
931406930717589564
912392590815526992
913370878329389066
931405906221096970
931406582460350486
913293725520781312
913233437375230022
931402700183203871
913294639820308520
786743747689971723
931403784951824384
931402555651686412
531323381153529856
931405603438489680
931403522170290196
490603956037484569
931402561741807666
931406998208139355
928933815244705822
913209224123801630
931407766738837535
263863024547397632
931405397057753088
928883554354593864
469441520332832779
863107838229610506
931404580942655528
931405065678356491
913121347658461234
266769010878709761
706429794312519681
931402814863855626
931401329425936414
913349564679979079
928951233480388608
903702131457011762
792339344500719616
931407840441172018
931403192061816855
913410899358920774
928878211364962425
931407501197451286
798332735625494549
837342254939111455
368407096955240450
931405413377777665
931403558291636264
525670141539647488
931402124800172072
931405139229691945
923440990126223400
923455796191326208
931407850331308043
931403673999908884
931406606338523177
923551386845732894
913193574718373910
913286652988895273
913205458674806824
933521759498559578
913181474906316821
913245705701843015
913319361480114216
931408298169733190
931406680309248040
699555915438751774
931403535084568596
931407793351700510
931409248502558720
931406446657146881
912377442893721600
931401411743326268
687982709259370497
316288059178090497
305351642918944769
931402659993358356
931408740429758485
913214152267431946
912434699924828171
912458433477877790
931406823716700171
931402589692649502
913274236355887105
931404857615728650
926969468263993444
931405098423291915
931407351674732564
931410213104386059
931401123150057532
931405100721774652
913257935210168350
913386468041457675
678651519318491158
931407560408436797
931405367240450049
931406078640525352
928951437638127667
931401564843823114
931405544886009856
778727174680608808
931404525493973052
931403524087103530
738243543520378962
901529641880281159
516832690176000000
931402388672249947
928878316063186995
928878328813862942
874477542030082139
927715406595125298
915566290083672064
931402424575483944
739996835820601395
928943872468459532
931402595682115625
931406309406957568
928796807130148924
928819746793734165
913191214684176455
931408471046357033
375363786711891969
931401529947209740
750165703054852127
925936175775096853
931405185555779585
931407291515818035
931408494282825788
931407479995252736
931406519302492160
928839056291430430
931409393604501515
931409057359745045
931407498848636978
931409424348753940
931406157745098792
913405977406103593
325716931032121344
928810574198996992
928951808217464862
928831616875397130
931402614489366568
913255655111016478
913266913621209098
929892518911430727
688239511133618295
727953995745853491
913276719606161418
923047851334991912
923416075738161203
931403373943595068
123581054522097664
931407285496975460
913207839034593342
931402362042605579
928815008798888037
229686731144822804
912446103046225951
928838313039786045
913955858457718864
191914162606178307
907646278236766260
931405144401248267
928852913026129940
913242345955291166
931408084960673803
928951885241675798
931405452238016602
928811629183909939
930289672062664784
928819877039456276
931402420305661994
506522840204443649
929008551987413022
931408078203662356
931409435446878239
931408956792901702
931406991061045348
928852974200057886
913302649728794694
913279606214254692
931406480618434632
912429922134396978
406310985880567809
738230617069846578
913342127755382794
913239344351936563
908065527577083925
923045830942937098
717499997687513148
931405124373446667
928983918785478716
913245328533225524
912405287078608927
931408452138442752
931403230309666827
923415749274513430
931403285611548713
931410308508037161
691790283356110860
931403321393172481
929765451280556052
931407340366876694
601200569222299668
931407558088982609
922452213962526742
912370530441642014
913173840450973787
913370377399439360
913351515077492736
931403466092470304
927665823705862154
912478988499316837
913247977747914793
913182300320194580
913387428360900630
923419884724047872
913229752402325545
913303017376321546
913402654514872330
912438996506927185
913403764369682463
931410255382995004
931409362453405757
913229114482245703
931404977077886987
913259879366529075
913331920727842846
913304366222557185
913255138536325121
498513902221524993
931401135766536243
928809523471339530
913272553563369512
913374745486032896
928925291802411068
931404366785687583
931402735801217045
928853211685724250
931405908297269309
931402164662837258
931404593303273523
931401322236882945
931404638664663050
931402294728224768
931407486144098356
931407753640030228
931407391960997928
931405698506559559
913288851890507848
912416165341589544
707465878694002689
913312212574162974
812215010767273985
931401189415878707
931402201639825428
928898167079047219
735304966574702915
850426761108127765
913404693361881120
870299412885274714
484778459353317383
703333165846233089
931408641523847168
931405912357355600
912378731585220609
913188302377590814
913202403522801684
237664784194076682
913374958103699467
913323346379288576
928797408102596608
931404620385902592
913253473699659788
931401202854404096
931402255607922698
923046973576204340
928883673619652649
898737514599288832
913272010044481557
413183864593317908
930162884393185361
928838902624690186
931401158973591614
931404969578467358
895426391078735922
913203926260645981
913279467093360681
913237616638459964
931409829162016768
931407099299254272
913264636822962257
928838939106746398
913289059290480684
898424389874364426
307899957472657408
917555573006946305
155497662295179264
913243381159825438
913315980866900019
912411693609521194
912383281721405491
912381324898226176
928777447221100564
913420617666158592
928838961995063336
912482335474217021
931401491070201875
931402459744706570
928831896253763674
931409889719382046
931402361212141659
898737509855539241
931405588267663421
913272750758580324
931405063774167060
913221140984520704
913209826488770571
878638230919053332
931404939421421628
912453557318459404
931403019696893984
931409933642125353
931405728311283722
931400950487318619
913344622703550494
931409928118214688
913340539519262751
931404414063882281
931403519586631723
931405401453379624
925588372620197949
928925430864556043
931404470779256886
931401512574398464
700249494016753756
710599966493507674
923429013337280552
913289307421282324
913317407043510322
928815464593887232
931405808774819950
464222872404230145
912465679024787507
913347331179548705
913296335346737182
913240317648572476
913312716553330699
703682638464024626
931409389045305365
913244903306317845
931403582564106320
931408918037528587
931405657037484042
931409012614905886
913308985824784434
913217752930615318
931401144591331389
931402579605331998
913413740161040415
718812416699400234
931405034757963826
912473173910499388
364178407799652353
928818628982362122
923102156721119293
923442286803693638
931408810545934500
502481598927601675
931404990776504381
931406776212004925
931401563115765790
931402220530991144
931403681713250346
931406421248081960
931405819172499537
931401306562781184
923048640682008707
923427109727256636
912394622611894373
913318754417524807
467484982848520194
928757242700922901
931402348071354389
353556156293316610
913383512722264064
829331667054493726
913403139569373185
931406797200310292
931403198630080533
928814634696339466
770753519798976563
913300734504734730
930380021216981032
929981192072220722
814583795662454804
928797706372153434
928898671205031959
912428732109717574
931404963614191617
931407098275840130
931402611310092309
931408910009663500
931401174903562261
931401294680301638
931409919847063614
913284302769360946
913234201984245790
931404572671508480
931405150055190619
913258408096960512
913270225162616832
585517393858527233
931406361995116555
878269863888551956
796810737577361409
913199019122110544
931408114429878272
931402600836902912
913202623233007686
912410396000944149
931402137416646658
931401612927328257
652625109747630080
546291432315682816
931406000093802506
591532383057215498
912455522052079667
931406529893130280
913327540918169631
931406717747593267
931407393512906753
230333374126882818
923434004668088331
913277556231405598
928797790765723710
928839353264922685
913212383869161522
913287350833000518
931402619279265792
411935893138571265
422463205369970708
931407666549497856
928853780169101383
931401517733396501
931401124303478844
931406877823213589
931409324222345217
928984694706544721
932396775128563802
928881105329856522
931402343025610802
913300911013629973
931402523246469200
913208208821203024
931404624378855475
925738443693256705
912425006607261696
931407551667503144
928952892063375370
931402433098285086
928955336377921589
931409410457231402
928839465059905587
329280510113087491
931402196946391072
931400965360353290
913305522944487426
913193726162116649
888000580948217857
931406839088807967
912432861766901802
931405723504640040
894916299434631189
931408848651161630
931408326099599370
931404931913642004
913201966765707264
913341640108822548
913293420322234388
931406765722050610
913295096760401950
898737521784131634
931407655854047323
117077003944984579
931408316222034010
587282046372544512
931410010037182546
928777565810884618
912480191798976643
931409959013478410
931404514114813993
931402093271592990
928863675375292416
336558386000953345
426090323844923393
231828631825940481
809463441533829141
931407023617245254
902112619702398996
902110102029479936
454326584392810497
923718692003532802
913422317906984992
844920571119927316
913375464695939093
928820279822680104
928797991022772235
931406455804919819
907466084645494825
931406794906021998
648382379093917696
745436013588906114
931409490719440926
923042570613968916
931407930807447602
924215833201360907
928953040826933248
562640369418764288
913171185313939587
928820298793500722
256891993001558026
928798068067950624
931405150659166248
912432588759642123
931405651098353684
931405839472918629
931403161753747496
931405627215982613
913201670064853033
931406827504144435
928798088859095111
931403713292152842
912413730309021727
912468183766675516
931406355489775679
913200666464382996
912456666216271883
913198043430551614
914115310896951326
931407929842745426
913169883355840512
913305088863375391
931405835794530314
928757646935347242
255251994443382784
913132760070246431
913247084658982952
931407814499381248
832895913667854368
913215987111854100
540399928451792899
931408468391370802
931406100614500404
925883793380896829
923099419094695937
931405940572434473
931402593958240266
931408755709579304
931407536228294676
538528091526660107
931403479069630534
849276957661069345
838932709308629042
913186629697564672
420354137109037066
913291340413038633
931405387503140895
912414396817502238
931407596500430879
529700050532827136
913225484639281213
913299321905094698
787088867899473961
928795037393899541
913354055944900608
913417938323795978
931408652479381545
931405139913351238
882034258909212714
913173706468102156
913186407210688542
913234270905057330
913307204587749407
928820357920596029
931408536498495548
913204436455796848
928854285805060166
931409561183731752
931402509069725736
913348473162719262
101695589846106112
931405744228675626
931407383215878234
575152364701483009
929009065085009941
931408522523062323
931404474176667649
931335286175199232
913187302384230460
931407877699141672
243770935809671168
931401486980759652
928820382264336394
931404629760155658
913291943885299772
912418421889704028
931404454056575017
912451907690303558
913325161724379176
810505083308736524
931409909323563049
931405500774514729
931403112445542420
913208419584999475
913283579860123659
913293150666244128
912376739244703754
925077342722883645
912375963126468628
929692603815956480
913332392498958357
931408011845599242
934558259396870174
260148549315067904
931408101708554243
208092469546582017
931403607994146827
913256873770254386
931407643967373342
931402159495479327
912471507446399006
931403463261302794
531720636209561609
912379941704826911
931406923922800650
697364159997804554
913336903930118185
846087057608146964
925139068872953987
931402702095802410
912467264257785856
931407561578672158
418900746793254933
931408040350081065
923454111918194719
225392764672540672
929009029701845032
928812119531589663
928985346929205258
931405889590689882
931407993919127553
928777721763463269
708504390901956672
931406919984381962
923077145817923594
919606819226259456
931405888403673138
931404491679473785
913299797266550804
928895683229011988
928899605289132063
928953603304067103
931406483902578718
931408277059817484
327916673728512002
922522471222087710
828072810681204746
928935220156194846
913266098986696765
913238511270920192
124499654833471490
931401475215745024
928784556742549534
928798484927246426
931406392852619324
931401411823030272
931402252072128523
312705524644970506
931407702096244747
594759247938453516
931402512093835316
928926037285412875
928926040204652556
848281854713135145
931409497023471616
624877120551911424
913360473129381898
913244472517742612
931405063119851583
931409360951857162
928798544213733387
912603376913629214
931408838127669411
841435637097300020
913285494325006387
811422092808552478
928854638583771166
913194621054627920
931401208860647486
498202139173191693
928963585323987024
361979179346165761
832704425692233769
913311829206380544
410132055490428939
928798606650114068
931408449466667028
912457363473170433
931406316839256115
931407822606958593
931403393468092446
236940549330960387
931405656408334346
912429958683586560
903587264066641942
912407581362892881
913197599027261441
931402706579488819
931405733336084521
931408597781458974
913191336964943922
758799640119607316
814341070360019004
885675274103033856
931403295627554816
931408424070152303
912460134960218132
931401299235315793
931408986748616714
913335996194631731
931406780905435136
559878606097219606
913263800063500288
719291663981215856
931400962361409586
931409866738761728
931405814529417267
401020240353427457
928777821587914762
912401791566622740
928954125092266024
913202509521227807
234621915262615553
913223250316767262
912452666360213534
928816449366151180
931409467478790214
931402765572390943
928784809390641182
927907653638844426
928876198061285376
913251968099696690
913215573096280124
931402283441332265
873032443316289536
913120479961817128
931404847507451935
913164724764540928
